-0.11727,0.11172,0.049269,-1.014,-1.5385,1.2367,1.5658,-0.7314,-1.0525,0.73705,0.54409,-0.47278,1.3704,-1.2863,0.59773,1.3101,0.83761,0.38411,0.85016,0.58528,0.82527,0.19961,-0.062536,-0.96565,-0.075096,-0.98072,1.0824,-0.41191,-1.7987,-1.7799,0.14315,0.28296,0.28937,0.23037,-2.2349,0.33555,0.13032,0.29322,0.30477,0.32529,0.19445,-2.0836,-0.78808,1.1616,1.4156
-0.097833,0.11409,0.046117,-1.0087,-1.5501,1.2377,1.5552,-0.73761,-1.0567,0.72828,0.53795,-0.4793,1.3721,-1.2774,0.61632,1.3201,0.83921,0.38417,0.85318,0.58694,0.82523,0.19034,-0.064902,-0.97107,-0.08117,-0.99009,1.0855,-0.42164,-1.8202,-1.7356,0.13206,0.31309,0.31441,0.23249,-2.2809,0.3937,0.13866,0.29591,0.3382,0.36595,0.34084,-2.0959,-0.84977,1.1932,1.1681
-0.045835,0.065288,0.03331,-1.0587,-1.5464,1.1885,1.5475,-0.72136,-1.0156,0.74241,0.55535,-0.53829,1.3996,-1.2594,0.65368,1.3201,0.84926,0.39308,0.85592,0.56995,0.84283,0.17877,-0.064944,-0.9741,-0.08309,-0.99454,1.0803,-0.43178,-1.8286,-1.7133,0.1505,0.29388,0.33428,0.28345,-2.1709,0.30561,0.17136,0.29648,0.34341,0.40076,0.40597,-2.2217,-0.87529,1.2545,1.0277
-0.025487,0.042213,0.035841,-1.0776,-1.5531,1.1621,1.5308,-0.71444,-0.99161,0.7455,0.57426,-0.58461,1.4257,-1.2369,0.66744,1.3167,0.85005,0.39123,0.85166,0.55448,0.84843,0.19749,-0.066441,-0.98085,-0.075216,-0.99171,1.0722,-0.41443,-1.8398,-1.7138,0.15101,0.27171,0.32821,0.28841,-2.118,0.25631,0.23704,0.37444,0.30125,0.38857,0.46176,-2.3029,-0.84416,1.2759,0.93046
-0.04123,0.041442,0.038262,-1.077,-1.5603,1.1599,1.5272,-0.7042,-0.99275,0.7529,0.5645,-0.55793,1.4262,-1.2487,0.67182,1.3125,0.84463,0.38488,0.84532,0.56133,0.84394,0.20704,-0.068623,-0.98419,-0.070704,-0.98835,1.0787,-0.4058,-1.8466,-1.714,0.051766,0.29199,0.32834,0.29978,-2.1531,0.2842,0.25563,0.40236,0.32445,0.38028,0.44651,-2.266,-0.839,1.2944,0.89838
-0.071115,0.052552,0.044573,-1.07,-1.5471,1.1751,1.535,-0.71179,-1.0118,0.75227,0.55281,-0.52589,1.4233,-1.2559,0.65812,1.3084,0.84263,0.3829,0.84449,0.57193,0.84101,0.20729,-0.070815,-0.98658,-0.07174,-0.98982,1.084,-0.4063,-1.8505,-1.7068,0.099007,0.31023,0.32203,0.29711,-2.2047,0.32335,0.21708,0.37189,0.33909,0.3627,0.42174,-2.1942,-0.87838,1.3204,0.89272
-0.093796,0.06262,0.041871,-1.0602,-1.539,1.1855,1.523,-0.70589,-1.0275,0.75851,0.54863,-0.48803,1.4313,-1.2797,0.6428,1.3152,0.83985,0.37998,0.84425,0.58087,0.83545,0.20177,-0.072024,-0.9876,-0.074338,-0.99223,1.0875,-0.40923,-1.8509,-1.6986,0.1264,0.31362,0.30044,0.29253,-2.2271,0.33472,0.22528,0.32944,0.32549,0.34658,0.46525,-2.1387,-0.9297,1.3394,0.89639
-0.10881,0.06392,0.047127,-1.0612,-1.5442,1.189,1.5153,-0.72055,-1.042,0.74603,0.54372,-0.47185,1.4553,-1.2483,0.63648,1.3237,0.84362,0.37919,0.84712,0.58851,0.84011,0.19323,-0.079164,-1.0022,-0.084771,-1.0115,1.0966,-0.42492,-1.7916,-1.718,0.16194,0.33982,0.3276,0.30859,-2.2794,0.37105,0.23255,0.30316,0.48239,0.33031,0.4919,-2.1559,-0.9379,1.1043,0.91961
-0.10874,0.065626,0.050567,-1.0495,-1.5742,1.1808,1.5018,-0.69525,-1.0289,0.75914,0.54038,-0.50186,1.4669,-1.2398,0.63312,1.3225,0.84297,0.38111,0.84646,0.5831,0.83972,0.19539,-0.077031,-0.99541,-0.081447,-1.0031,1.0903,-0.41918,-1.8224,-1.703,0.15569,0.3313,0.30985,0.29109,-2.2212,0.37152,0.22272,0.28706,0.42917,0.32728,0.46804,-2.1716,-0.94628,1.2442,0.90105
-0.085264,0.023416,0.036017,-1.0839,-1.5769,1.1307,1.5126,-0.66489,-0.99172,0.77945,0.56367,-0.55148,1.4835,-1.2209,0.64557,1.3191,0.84902,0.38816,0.84647,0.56828,0.85133,0.19436,-0.076871,-0.99325,-0.081276,-1.0002,1.0827,-0.41811,-1.8368,-1.6929,0.1751,0.2958,0.31023,0.32466,-2.1221,0.26694,0.21052,0.2735,0.39026,0.32466,0.50571,-2.2389,-0.94267,1.3296,0.89667
0.54522,0.16936,-0.16754,-0.85888,-1.6018,1.1976,1.184,-1.1364,-0.58819,0.22097,0.5754,1.0447,1.3914,-1.4928,-0.48303,1.3974,0.92423,0.44988,0.97099,0.46127,0.87723,0.2614,0.005572,-0.94603,-0.05039,-1.009,0.66937,-0.41766,-1.7918,-1.8024,-0.12724,-0.15345,-0.16457,-0.87463,-1.5529,0.56853,1.4112,-0.61332,-0.79282,0.31516,0.40015,-1.6061,1.2913,0.1984,1.7003
0.56552,0.18415,-0.14991,-0.8383,-1.6445,1.2066,1.196,-1.1637,-0.58631,0.16581,0.54235,1.0261,1.4016,-1.4417,-0.46369,1.4014,0.92763,0.45285,0.97588,0.46594,0.87913,0.26128,0.012496,-0.93925,-0.04861,-1.0071,0.63665,-0.41815,-1.7916,-1.8086,-0.11912,-0.15034,-0.17115,-0.87482,-1.5313,0.57334,1.4107,-0.64107,-0.79717,0.30756,0.43005,-1.6033,1.2754,0.17308,1.7181
0.54126,0.18157,-0.14177,-0.84011,-1.6695,1.2023,1.2119,-1.1481,-0.58756,0.17296,0.50491,1.0043,1.4261,-1.4437,-0.41441,1.4036,0.92834,0.45305,0.9754,0.47197,0.88127,0.26284,0.017064,-0.93618,-0.046016,-1.0053,0.61609,-0.41674,-1.7829,-1.8225,-0.1159,-0.14821,-0.1676,-0.87202,-1.5207,0.57479,1.4198,-0.67329,-0.80416,0.27994,0.45039,-1.6152,1.2816,0.22743,1.6831
0.56106,0.18041,-0.1587,-0.84658,-1.6842,1.2084,1.1968,-1.1316,-0.59249,0.21326,0.49923,1.0219,1.3939,-1.4485,-0.41279,1.4046,0.93095,0.45635,0.97969,0.46969,0.88196,0.26403,0.014729,-0.93884,-0.04687,-1.007,0.60743,-0.41573,-1.777,-1.824,-0.12659,-0.15892,-0.17832,-0.88644,-1.5121,0.56779,1.4141,-0.66415,-0.82258,0.28002,0.44492,-1.6059,1.2775,0.28325,1.6874
0.58531,0.18681,-0.1643,-0.84233,-1.6771,1.215,1.1908,-1.1635,-0.58505,0.1781,0.50696,1.0312,1.3736,-1.4469,-0.3887,1.4085,0.93362,0.45926,0.98142,0.45999,0.88582,0.27073,0.011113,-0.94148,-0.052701,-1.0128,0.60024,-0.41011,-1.78,-1.8135,-0.16821,-0.1714,-0.1706,-0.88865,-1.4808,0.54665,1.405,-0.6671,-0.81533,0.26772,0.40559,-1.582,1.2958,0.27569,1.7477
0.56749,0.17869,-0.16883,-0.85236,-1.6185,1.2097,1.1982,-1.174,-0.58068,0.15757,0.53389,1.0523,1.3777,-1.4754,-0.40596,1.406,0.93089,0.45506,0.97786,0.45701,0.88391,0.26813,0.013549,-0.94127,-0.049003,-1.0114,0.61959,-0.41482,-1.7929,-1.8026,-0.18516,-0.17956,-0.16836,-0.89092,-1.4799,0.5318,1.4032,-0.63006,-0.7829,0.30935,0.38217,-1.5839,1.3024,0.18932,1.7825
0.5285,0.15468,-0.18291,-0.88859,-1.539,1.197,1.218,-1.1976,-0.59106,0.13751,0.5285,1.095,1.4039,-1.4798,-0.38412,1.4021,0.92938,0.45543,0.97542,0.45203,0.8831,0.26958,0.0069139,-0.94197,-0.053906,-1.0113,0.6391,-0.41034,-1.7799,-1.8157,-0.19111,-0.18785,-0.17403,-0.89048,-1.4996,0.51558,1.3963,-0.62049,-0.82704,0.32122,0.43507,-1.5728,1.2849,0.2521,1.7582
0.52201,0.14676,-0.19184,-0.89315,-1.4883,1.1867,1.1925,-1.225,-0.60472,0.15062,0.5278,1.1539,1.3873,-1.5086,-0.35583,1.4016,0.92749,0.45244,0.97143,0.44759,0.88355,0.27111,0.0057935,-0.94358,-0.05465,-1.0145,0.65416,-0.41027,-1.7653,-1.8269,-0.19811,-0.18923,-0.16662,-0.90367,-1.5035,0.52602,1.4181,-0.6187,-0.86976,0.2911,0.40332,-1.5487,1.3301,0.33712,1.6925
0.50282,0.13511,-0.19611,-0.90752,-1.424,1.1787,1.1998,-1.2224,-0.62142,0.12743,0.55083,1.1672,1.4005,-1.5364,-0.35452,1.3978,0.92291,0.44801,0.9632,0.44534,0.88263,0.27449,0.0027018,-0.94639,-0.054569,-1.0131,0.6783,-0.40669,-1.7666,-1.828,-0.2357,-0.20102,-0.15344,-0.90988,-1.5187,0.50784,1.428,-0.60343,-0.87762,0.32801,0.39655,-1.522,1.3715,0.33446,1.6554
0.50893,0.12767,-0.21371,-0.92371,-1.375,1.179,1.1888,-1.2359,-0.65624,0.14129,0.5916,1.1859,1.3843,-1.5306,-0.37225,1.3957,0.92089,0.44775,0.95937,0.43734,0.88217,0.27858,-0.0070024,-0.95402,-0.059278,-1.0148,0.70235,-0.40101,-1.7713,-1.8168,-0.262,-0.20938,-0.14719,-0.91581,-1.529,0.49785,1.4291,-0.56817,-0.87036,0.34556,0.34636,-1.517,1.398,0.36071,1.6412
-0.18928,-0.15002,-0.11233,-1.254,-1.3388,0.95471,1.3866,-0.76559,-1.0435,0.67362,0.70189,-0.65881,1.6284,-0.9187,1.0858,1.475,0.99074,0.5106,0.98276,0.29991,0.99897,0.30547,0.026576,-0.93106,0.040847,-0.91727,0.19832,-0.35996,-1.8159,-1.805,0.0019849,0.12227,0.2235,0.13061,-0.27313,0.11394,0.065106,0.35332,0.26995,0.31163,-0.09091,-3.0469,-0.80668,1.58,1.0453
-0.19335,-0.14684,-0.10112,-1.256,-1.3664,0.96157,1.3526,-0.79013,-1.0132,0.65648,0.71797,-0.62379,1.6364,-0.93045,1.0964,1.4735,0.98993,0.50973,0.98001,0.29926,0.99985,0.30314,0.027111,-0.93184,0.037755,-0.92047,0.21024,-0.35657,-1.8122,-1.8095,0.016608,0.13186,0.23081,0.13651,-0.33147,0.1272,0.077143,0.33325,0.2506,0.32278,-0.066045,-3.0241,-0.84136,1.608,1.0282
-0.19106,-0.13992,-0.09115,-1.246,-1.3821,0.96693,1.3516,-0.78106,-1.0226,0.6617,0.70418,-0.62924,1.634,-0.92817,1.0928,1.4705,0.9882,0.50885,0.97758,0.30658,0.99858,0.30827,0.022495,-0.93404,0.035529,-0.92028,0.21511,-0.35283,-1.8184,-1.8061,0.012537,0.13007,0.23115,0.13712,-0.31186,0.12419,0.065427,0.32988,0.31342,0.324,-0.083841,-3.0269,-0.86074,1.5828,1.0327
-0.19337,-0.14162,-0.092217,-1.2441,-1.3727,0.96169,1.3679,-0.76816,-1.045,0.66998,0.70527,-0.63093,1.6447,-0.92185,1.0605,1.4691,0.9852,0.50539,0.97432,0.3112,0.99609,0.31362,0.019782,-0.9379,0.033567,-0.92436,0.22293,-0.34225,-1.8126,-1.8141,-0.051714,0.098831,0.22295,0.094235,-0.27811,0.10228,0.065505,0.34361,0.29305,0.33557,-0.062057,-2.9684,-0.90212,1.6916,1.0147
-0.19911,-0.14823,-0.10127,-1.2494,-1.323,0.95295,1.3998,-0.77044,-1.0389,0.66494,0.68607,-0.6413,1.6534,-0.94575,1.0602,1.4667,0.9837,0.50433,0.97332,0.30968,0.99409,0.31451,0.016985,-0.93935,0.031234,-0.9251,0.23506,-0.33488,-1.8189,-1.8114,-0.019382,0.10831,0.21434,0.094629,-0.27819,0.12199,0.079808,0.34431,0.30783,0.35001,-0.054725,-2.9837,-0.94401,1.619,1.0398
-0.20644,-0.15621,-0.10911,-1.2606,-1.2999,0.94823,1.4255,-0.77789,-1.0558,0.6625,0.68527,-0.61541,1.6555,-0.93724,1.0416,1.4656,0.98261,0.50345,0.97223,0.30334,0.99299,0.3171,0.016817,-0.93884,0.030334,-0.9258,0.24348,-0.32982,-1.8238,-1.8098,0.005017,0.12183,0.21618,0.11509,-0.34205,0.12745,0.09375,0.31727,0.35658,0.33524,-0.04665,-3.0029,-0.92499,1.5528,1.0754
-0.20231,-0.1629,-0.12664,-1.272,-1.2436,0.94615,1.423,-0.78718,-1.0607,0.65923,0.67342,-0.61929,1.669,-0.95429,1.0581,1.4643,0.98149,0.50257,0.97353,0.30097,0.98945,0.31399,0.015691,-0.93925,0.029195,-0.92696,0.25853,-0.32843,-1.8255,-1.8096,0.020216,0.13574,0.22793,0.13685,-0.34412,0.13352,0.10575,0.31346,0.3479,0.32124,-0.010886,-3.0089,-0.97061,1.5031,1.0888
-0.20203,-0.16101,-0.12552,-1.2708,-1.2148,0.94876,1.4204,-0.80858,-1.0515,0.63799,0.67664,-0.62953,1.6815,-0.96475,1.0631,1.4675,0.98212,0.50275,0.97463,0.30377,0.98936,0.31101,0.014216,-0.94282,0.0246,-0.93123,0.26319,-0.33305,-1.818,-1.8081,-0.027574,0.11653,0.23203,0.13963,-0.30588,0.09233,0.11763,0.32664,0.27604,0.32554,-0.078176,-2.9603,-0.9692,1.5961,1.1187
-0.19703,-0.15601,-0.12131,-1.2658,-1.2468,0.95374,1.397,-0.80593,-1.0433,0.64061,0.68084,-0.61821,1.6904,-0.96605,1.0579,1.4606,0.97467,0.49406,0.96717,0.32128,0.98193,0.30966,0.018537,-0.94074,0.028217,-0.93009,0.28909,-0.33357,-1.8255,-1.8153,0.0096009,0.12503,0.21738,0.14372,-0.34329,0.10744,0.12393,0.36689,0.33391,0.33611,-0.043168,-2.9916,-0.98311,1.5454,1.0518
-0.19461,-0.15375,-0.11603,-1.2594,-1.2711,0.95185,1.395,-0.80281,-1.0283,0.63911,0.68704,-0.61815,1.6905,-0.97097,1.0516,1.4559,0.9714,0.49248,0.96344,0.33815,0.9796,0.30873,0.009469,-0.94667,0.019115,-0.93679,0.31331,-0.33079,-1.8182,-1.8191,0.0352,0.13624,0.21446,0.14384,-0.35265,0.12755,0.11994,0.31658,0.28182,0.29268,-0.038677,-2.9699,-0.97518,1.6181,1.0499
-0.11363,-0.056234,0.0019965,-1.2192,-1.4072,1.1067,1.5534,-0.6926,-1.0204,0.82221,0.66915,-0.85731,1.3488,-0.98209,0.84633,1.4628,0.97679,0.4956,0.96564,0.34368,0.98793,0.28699,0.0083509,-0.94991,0.023373,-0.93561,0.26469,-0.29233,-1.8122,-1.8258,0.11164,0.17748,0.22468,0.37251,0.3576,-0.018799,-0.15296,0.42344,0.53028,0.15387,-0.25483,-2.7418,-1.6002,1.3912,1.0259
-0.1067,-0.059159,-0.010787,-1.2251,-1.4328,1.1068,1.5613,-0.70135,-1.0375,0.81822,0.66143,-0.8056,1.3336,-0.9624,0.85993,1.4545,0.97012,0.48961,0.96117,0.35951,0.97906,0.28842,0.0057232,-0.95045,0.020233,-0.93594,0.29664,-0.28979,-1.8326,-1.8162,0.11793,0.1884,0.23943,0.38036,0.2613,-0.0035639,-0.15179,0.40345,0.50672,0.15438,-0.29515,-2.7457,-1.5539,1.4119,1.0863
-0.11227,-0.067551,-0.025367,-1.247,-1.3753,1.1128,1.5709,-0.73238,-1.0564,0.80567,0.67405,-0.76106,1.3389,-0.98295,0.85797,1.448,0.9654,0.48661,0.95769,0.36493,0.97311,0.28445,0.0037268,-0.94975,0.015293,-0.93843,0.32589,-0.2794,-1.8384,-1.8191,0.13742,0.20601,0.25949,0.38505,0.12812,0.028135,-0.15207,0.41876,0.48968,0.17927,-0.21368,-2.7528,-1.5821,1.4105,1.0582
-0.11802,-0.074423,-0.032539,-1.2703,-1.3173,1.1223,1.5898,-0.76424,-1.0694,0.79404,0.67693,-0.7309,1.3223,-0.99588,0.86755,1.4465,0.9645,0.48638,0.95704,0.3627,0.97196,0.27776,0.0010427,-0.95183,0.010908,-0.94076,0.33719,-0.26364,-1.8448,-1.8149,0.15882,0.22889,0.27783,0.38682,0.027583,0.070959,-0.14815,0.43131,0.48359,0.20887,-0.21599,-2.7007,-1.6708,1.38,1.0808
-0.12769,-0.07862,-0.032998,-1.2829,-1.2872,1.1256,1.6017,-0.77329,-1.0694,0.79854,0.70558,-0.74919,1.2952,-0.98936,0.86396,1.4415,0.95924,0.48056,0.95104,0.36805,0.96743,0.27482,0.0023609,-0.95186,0.011997,-0.94126,0.3524,-0.24384,-1.848,-1.8244,0.17258,0.23943,0.28765,0.40601,0.023526,0.072844,-0.14196,0.4356,0.49588,0.23285,-0.17484,-2.6572,-1.7727,1.3935,0.98687
-0.12623,-0.082177,-0.038987,-1.2889,-1.2837,1.1246,1.591,-0.77064,-1.0557,0.80496,0.7134,-0.77582,1.2965,-0.98054,0.87234,1.4354,0.95325,0.47517,0.94579,0.37604,0.96071,0.2863,-0.0074747,-0.96074,0.0031118,-0.94871,0.37532,-0.21944,-1.8493,-1.8255,0.16559,0.23902,0.2933,0.41462,-0.036609,0.062363,-0.12281,0.43909,0.43164,0.22838,-0.18241,-2.6195,-1.7819,1.4437,1.0255
-0.12107,-0.081387,-0.042563,-1.2875,-1.3134,1.1247,1.5863,-0.77332,-1.0365,0.79862,0.71321,-0.77245,1.2964,-0.97089,0.87972,1.4313,0.94908,0.47123,0.94259,0.38032,0.95581,0.29399,-0.010229,-0.96328,-0.00036875,-0.95126,0.38273,-0.2007,-1.8543,-1.8269,0.1732,0.24704,0.30294,0.42003,-0.054639,0.074048,-0.10949,0.46538,0.43057,0.2386,-0.1886,-2.6094,-1.8162,1.4063,1.0202
-0.12379,-0.078962,-0.034136,-1.2849,-1.3548,1.1279,1.5839,-0.78583,-1.0384,0.78479,0.73652,-0.70393,1.283,-0.97978,0.86841,1.4284,0.94799,0.47188,0.94009,0.38442,0.95566,0.28474,-0.010224,-0.96029,-0.001837,-0.95047,0.39592,-0.20144,-1.8533,-1.8315,0.17564,0.25417,0.31146,0.40802,-0.054611,0.099247,-0.1448,0.47699,0.4876,0.24886,-0.1257,-2.5917,-1.8807,1.3715,0.96403
-0.14093,-0.087325,-0.036314,-1.2969,-1.3367,1.1231,1.5814,-0.7842,-1.0514,0.79285,0.72368,-0.64673,1.2805,-1.0099,0.88882,1.4285,0.9464,0.46907,0.93751,0.38519,0.95553,0.27824,-0.011376,-0.96411,-0.0012818,-0.95233,0.4049,-0.19164,-1.8539,-1.8308,0.17158,0.24813,0.30399,0.40123,-0.07979,0.096065,-0.14806,0.45605,0.43847,0.26054,-0.12013,-2.5376,-1.917,1.4098,1.0167
-0.13757,-0.090553,-0.047018,-1.3087,-1.3374,1.1276,1.5882,-0.7906,-1.0492,0.79756,0.72529,-0.59469,1.2625,-1.0292,0.88376,1.4279,0.9464,0.4699,0.93921,0.38021,0.9536,0.27565,-0.016195,-0.96704,-0.0044445,-0.95313,0.40875,-0.17567,-1.8555,-1.8296,0.17499,0.2564,0.31823,0.41407,-0.11769,0.098726,-0.13212,0.46663,0.43778,0.26877,-0.13315,-2.5271,-1.9314,1.4024,1.0035
-0.0047775,-0.4239,-0.85442,-0.6416,0.23898,-0.20619,0.75637,-1.4185,-0.37992,-1.1432,0.78406,1.6522,2.1196,-0.7833,0.30468,1.5663,0.90054,0.23406,0.98994,0.38538,0.8115,0.24505,-0.34925,-0.49361,-0.49105,-0.65849,0.51508,0.21024,-1.8541,-2.0116,0.39226,0.33732,0.28512,-0.39069,-0.98354,1.0653,1.1516,-0.20278,-2.139,0.70764,0.48292,-0.36761,0.79226,-1.8533,0.72248
0.0068195,-0.41976,-0.8605,-0.65156,0.21467,-0.18852,0.7713,-1.4166,-0.361,-1.15,0.77565,1.6424,2.1305,-0.77725,0.28377,1.5696,0.90132,0.23448,0.97962,0.39072,0.82302,0.25029,-0.36839,-0.48272,-0.48345,-0.66725,0.51239,0.20066,-1.8436,-2.0167,0.3481,0.32571,0.30878,-0.39665,-1.0055,1.0481,1.1376,-0.23941,-2.1259,0.76252,0.50808,-0.4174,0.75487,-1.8174,0.80838
0.013185,-0.41532,-0.8568,-0.63903,0.245,-0.19161,0.75781,-1.4415,-0.35264,-1.1524,0.76105,1.6699,2.1103,-0.77034,0.26229,1.5677,0.90116,0.23498,0.96848,0.39059,0.83422,0.26037,-0.38558,-0.48637,-0.47497,-0.66809,0.51492,0.20114,-1.8463,-2.0122,0.29386,0.29655,0.29923,-0.41947,-0.99141,1.012,1.1281,-0.20176,-2.1289,0.76905,0.54059,-0.42968,0.76421,-1.8117,0.87925
0.0096019,-0.41653,-0.85565,-0.6055,0.27979,-0.2281,0.71783,-1.435,-0.34126,-1.1713,0.75465,1.7206,2.0888,-0.76252,0.24459,1.5677,0.90206,0.23644,0.98517,0.40229,0.81895,0.24269,-0.37917,-0.47479,-0.48325,-0.67116,0.51776,0.19157,-1.8347,-2.0215,0.37157,0.31449,0.2648,-0.39483,-0.98944,1.0238,1.1554,-0.19186,-2.1258,0.6776,0.53648,-0.46618,0.86048,-1.8177,0.7812
0.15487,-0.35562,-0.87154,-0.60678,0.28697,-0.10391,0.77734,-1.4456,-0.33007,-1.2238,0.64143,1.7238,2.0941,-0.74813,0.0069949,1.5504,0.90838,0.2667,1.0159,0.44328,0.80088,0.17545,-0.33029,-0.43225,-0.44481,-0.72593,0.56371,0.062038,-1.7998,-2.0536,0.39046,0.36812,0.35026,-0.35044,-0.9713,1.0872,1.109,-0.17234,-2.17,0.80082,0.43791,-0.39511,0.64952,-1.8551,0.72098
0.071208,-0.27279,-0.84271,-0.56341,0.31384,0.01729,0.83092,-1.528,-0.30083,-1.2234,0.56564,1.7227,2.0872,-0.71492,-0.1628,1.6282,0.89116,0.27977,1.0161,0.45398,0.76626,0.11249,-0.27977,-0.40723,-0.41271,-0.76297,0.5756,-0.048576,-1.7626,-2.0497,0.46805,0.39191,0.40229,-0.32677,-0.96009,1.1106,1.05,-0.08971,-2.1927,0.88103,0.35211,-0.32331,0.46805,-1.9008,0.66935
0.049938,-0.32995,-0.83469,-0.57428,0.30606,-0.085087,0.78615,-1.5827,-0.29352,-1.1803,0.65969,1.6847,2.0855,-0.73128,0.039757,1.6049,0.8966,0.25734,0.99616,0.41459,0.79667,0.17836,-0.29668,-0.4418,-0.44731,-0.72322,0.54244,0.066301,-1.8022,-2.0421,0.39659,0.34271,0.33666,-0.36866,-0.99207,1.0535,1.092,-0.11908,-2.1581,0.79405,0.45046,-0.33897,0.64727,-1.892,0.75557
0.0077747,-0.38132,-0.83706,-0.61349,0.28025,-0.14862,0.77414,-1.5298,-0.35445,-1.1412,0.73867,1.6507,2.1016,-0.75967,0.21253,1.5886,0.89366,0.23697,0.99814,0.41577,0.78918,0.20129,-0.32333,-0.44804,-0.48814,-0.69306,0.54012,0.14316,-1.8151,-2.0392,0.4505,0.36291,0.31113,-0.35542,-1.0121,1.0812,1.1242,-0.14389,-2.1524,0.72704,0.43618,-0.32843,0.71988,-1.8835,0.66259
-0.01215,-0.40584,-0.83956,-0.62649,0.24905,-0.18574,0.76659,-1.4712,-0.37989,-1.1289,0.78227,1.6302,2.1175,-0.79305,0.29718,1.5812,0.89874,0.23315,0.9902,0.39587,0.80691,0.23609,-0.3733,-0.47468,-0.49194,-0.66605,0.51819,0.19752,-1.8334,-2.0185,0.41121,0.34207,0.2947,-0.37655,-1.013,1.0612,1.1402,-0.22302,-2.1513,0.71607,0.4798,-0.34062,0.77432,-1.8372,0.72206
-0.034615,-0.42632,-0.84451,-0.65108,0.22905,-0.20156,0.76501,-1.4248,-0.39823,-1.1157,0.80067,1.6376,2.1174,-0.80074,0.34791,1.5768,0.89487,0.22399,0.99197,0.41084,0.79777,0.23539,-0.36523,-0.46858,-0.51014,-0.66131,0.51529,0.21517,-1.8324,-2.0244,0.45301,0.36659,0.30244,-0.3493,-1.001,1.0819,1.1439,-0.2221,-2.1469,0.70469,0.45954,-0.38844,0.77372,-1.8452,0.66718
1.3475,0.50825,-0.2939,0.020737,-0.34953,0.99516,0.95269,-1.4364,-1.3443,-0.7545,-0.34475,0.91202,1.5269,-1.4101,-0.32979,1.3765,0.98233,0.57736,1.1125,0.35435,0.85219,0.17618,0.27574,-0.87191,0.10223,-1.0373,-0.085846,-0.14495,-1.8746,-1.7948,-0.4879,-0.08312,0.30458,-0.98064,-1.6075,0.81526,0.64532,0.21833,0.12183,1.3404,1.261,-1.622,-1.1864,0.016795,1.2439
1.3477,0.50002,-0.31066,0.018864,-0.34767,0.98117,0.98416,-1.4103,-1.3351,-0.77988,-0.35424,0.90834,1.5364,-1.4091,-0.32976,1.3806,0.98655,0.58229,1.1273,0.36067,0.84579,0.17541,0.26005,-0.89079,0.093979,-1.0432,-0.081686,-0.15178,-1.8587,-1.7866,-0.42085,-0.056752,0.29444,-0.95452,-1.6113,0.84187,0.62755,0.11626,0.13778,1.3084,1.2783,-1.6276,-1.2239,0.026741,1.2636
1.3497,0.50302,-0.30703,0.029998,-0.3431,0.97605,0.99083,-1.4222,-1.3187,-0.80253,-0.36143,0.89977,1.5354,-1.4027,-0.32714,1.3802,0.98651,0.58381,1.1309,0.36426,0.84238,0.16335,0.27167,-0.88169,0.089683,-1.0468,-0.080074,-0.15898,-1.8577,-1.7875,-0.38174,-0.032757,0.30928,-0.93994,-1.6214,0.87356,0.61225,0.061868,0.15042,1.2495,1.2894,-1.6136,-1.2655,0.023671,1.285
1.3559,0.51441,-0.29423,0.044859,-0.34535,0.98395,0.98219,-1.4255,-1.325,-0.81314,-0.35123,0.88757,1.5223,-1.4026,-0.33419,1.3822,0.98991,0.58805,1.1398,0.36044,0.84001,0.15342,0.27143,-0.8785,0.084703,-1.0449,-0.082886,-0.16349,-1.851,-1.7892,-0.41259,-0.069055,0.25361,-0.9692,-1.6076,0.83196,0.61454,0.078796,0.17446,1.2668,1.306,-1.565,-1.2736,0.049226,1.3216
1.3479,0.50117,-0.31611,0.02742,-0.3332,0.97493,0.9873,-1.4121,-1.322,-0.7987,-0.35972,0.89597,1.5477,-1.4056,-0.33497,1.372,0.98746,0.58947,1.1362,0.36379,0.83876,0.15502,0.28769,-0.86666,0.091749,-1.0454,-0.082613,-0.17533,-1.8603,-1.7918,-0.49032,-0.10615,0.25063,-1.0211,-1.5978,0.80878,0.64275,0.012187,0.24357,1.2062,1.351,-1.5024,-1.2445,0.079306,1.3678
1.338,0.49938,-0.30941,0.031284,-0.30591,0.96688,0.98324,-1.4349,-1.3181,-0.8225,-0.34214,0.90552,1.546,-1.3975,-0.3398,1.3768,0.98452,0.58108,1.1362,0.36015,0.83312,0.15652,0.29853,-0.86277,0.10371,-1.0359,-0.095514,-0.1762,-1.8612,-1.799,-0.42589,-0.076014,0.2641,-0.996,-1.5972,0.84397,0.59266,-0.0023088,0.24278,1.1974,1.3492,-1.5119,-1.2997,0.06074,1.3581
1.3439,0.50778,-0.29811,0.050429,-0.29229,0.96455,0.97328,-1.4281,-1.3327,-0.82122,-0.34932,0.91276,1.5284,-1.4054,-0.35397,1.3813,0.98713,0.58385,1.1328,0.35916,0.84144,0.16119,0.29013,-0.87416,0.092169,-1.0495,-0.098748,-0.16483,-1.8625,-1.7794,-0.39323,-0.052833,0.28757,-0.98982,-1.5749,0.88415,0.56237,-0.0093964,0.19449,1.1882,1.3469,-1.5226,-1.3417,0.073931,1.3469
1.3611,0.51971,-0.29074,0.066603,-0.31235,0.97281,0.9769,-1.4083,-1.3377,-0.811,-0.36315,0.85895,1.5386,-1.4118,-0.35964,1.3757,0.9854,0.58306,1.125,0.38778,0.84608,0.16392,0.28145,-0.88701,0.091171,-1.0573,-0.095569,-0.16479,-1.8563,-1.7786,-0.43523,-0.084401,0.27086,-1.035,-1.5604,0.8671,0.56057,0.02014,0.21593,1.241,1.3455,-1.4709,-1.3371,0.058236,1.3437
1.3654,0.51801,-0.29211,0.052337,-0.31134,0.9831,0.98194,-1.3942,-1.3482,-0.80441,-0.36555,0.83973,1.5449,-1.41,-0.35972,1.3693,0.98227,0.57835,1.1311,0.40308,0.83339,0.17028,0.28179,-0.89496,0.098814,-1.0584,-0.09573,-0.16305,-1.8561,-1.7802,-0.49865,-0.13469,0.22837,-1.0606,-1.5213,0.79206,0.57546,0.031306,0.22837,1.2741,1.385,-1.4316,-1.3207,0.078354,1.3744
1.364,0.52364,-0.28156,0.053412,-0.30574,0.99387,0.98063,-1.4033,-1.359,-0.80417,-0.37883,0.85344,1.5251,-1.3947,-0.36675,1.373,0.9848,0.58473,1.1442,0.3915,0.82536,0.16035,0.28185,-0.89408,0.088037,-1.0677,-0.087701,-0.15912,-1.8492,-1.776,-0.47353,-0.10781,0.26147,-1.0087,-1.5243,0.79311,0.53175,0.0010109,0.22044,1.215,1.4113,-1.4101,-1.4012,0.089319,1.4023
0.50659,0.059937,-0.3703,-0.27259,0.34484,0.39246,0.66752,-1.028,-1.3933,-0.58705,0.061579,2.3334,1.2234,-1.5362,-0.40232,1.4928,0.98926,0.49194,0.97725,0.32503,1.0013,0.20985,-0.022881,-1.0523,0.0063732,-0.9961,0.052866,0.082382,-1.828,-1.7298,-0.27138,-0.14686,0.0039038,-1.0515,-1.4937,0.75842,2.4014,-0.37705,-0.55811,0.7988,0.35457,-1.3355,0.59688,-0.47936,0.79947
0.4888,0.046116,-0.37407,-0.42469,0.26625,0.51612,1.003,-1.0224,-1.388,-0.59823,0.029245,2.18,1.2271,-1.5254,-0.42389,1.4998,0.99723,0.49808,1.0053,0.3181,0.98886,0.16218,-0.0070808,-1.0389,0.0088772,-0.9991,0.043933,0.073233,-1.8198,-1.7308,-0.27444,-0.15145,-0.010152,-1.0739,-1.5461,0.771,2.3677,-0.42013,-0.54678,0.86325,0.43277,-1.2386,0.36029,-0.46552,0.93206
0.53191,0.063548,-0.38255,-0.45182,0.10808,0.57891,1.1034,-1.1082,-1.3861,-0.47903,0.035512,2.0673,1.265,-1.5436,-0.40234,1.5022,1.0014,0.50142,1.0182,0.3198,0.98435,0.14133,0.01377,-1.0245,0.0030096,-1.0201,0.032668,0.06495,-1.8193,-1.7193,-0.25307,-0.14254,-0.01409,-1.0745,-1.5659,0.79022,2.3675,-0.44425,-0.5615,0.78275,0.48851,-1.2217,0.29807,-0.42558,0.97617
0.56881,0.10409,-0.33618,-0.49353,-0.11441,0.70252,1.3499,-1.1547,-1.3602,-0.49109,0.029895,1.8285,1.3026,-1.5339,-0.40222,1.5078,1.0046,0.50299,1.0348,0.32229,0.97407,0.10793,0.022445,-1.0202,0.0003507,-1.0278,0.039542,0.059006,-1.8077,-1.7201,-0.23085,-0.13149,-0.016482,-1.0562,-1.6328,0.79248,2.2946,-0.47886,-0.50389,0.79483,0.58281,-1.2127,0.1173,-0.39515,1.0765
0.59191,0.11593,-0.34521,-0.52339,-0.27261,0.75525,1.4342,-1.1668,-1.3508,-0.37738,0.030962,1.7303,1.3055,-1.5364,-0.3914,1.509,1.0079,0.5092,1.0464,0.32357,0.96962,0.093884,0.02414,-1.0163,-0.015452,-1.0472,0.046164,0.05875,-1.801,-1.7087,-0.20658,-0.11574,-0.01069,-1.0296,-1.6639,0.79814,2.2507,-0.47198,-0.45381,0.74522,0.63701,-1.2792,0.045391,-0.36376,1.1188
0.61084,0.12215,-0.34285,-0.57575,-0.3976,0.82004,1.5678,-1.1952,-1.3145,-0.369,0.050231,1.6095,1.2744,-1.4935,-0.36655,1.5079,1.0087,0.5104,1.0565,0.33003,0.96077,0.07155,0.035635,-1.0054,-0.014436,-1.0465,0.045073,0.054773,-1.8068,-1.7082,-0.16295,-0.073189,0.027697,-0.94224,-1.6651,0.79587,2.1416,-0.46244,-0.45449,0.73629,0.69418,-1.4451,-0.062068,-0.32898,1.201
0.64127,0.14077,-0.32587,-0.58459,-0.49109,0.86533,1.6398,-1.2455,-1.2801,-0.34844,0.041641,1.5077,1.2554,-1.4695,-0.34683,1.5069,1.0107,0.51562,1.0637,0.33093,0.95753,0.065112,0.036156,-1.0003,-0.02593,-1.0545,0.044243,0.058068,-1.8076,-1.7007,-0.12923,-0.046085,0.05527,-0.88226,-1.6796,0.79088,2.0689,-0.40399,-0.44992,0.72516,0.7505,-1.5862,-0.11814,-0.28205,1.1868
0.6823,0.17046,-0.31496,-0.56568,-0.55927,0.90659,1.6611,-1.265,-1.2714,-0.32537,0.034283,1.4385,1.2334,-1.466,-0.35902,1.5032,1.011,0.51851,1.0784,0.33569,0.94353,0.033335,0.04896,-0.98598,-0.020053,-1.0482,0.045835,0.057034,-1.8045,-1.7167,-0.036606,-0.0089936,0.042286,-0.82,-1.6681,0.8028,1.9515,-0.36243,-0.41844,0.72391,0.79333,-1.7367,-0.21963,-0.26539,1.2225
0.73424,0.18402,-0.33698,-0.48476,-0.56909,0.85197,1.479,-1.308,-1.2754,-0.32112,0.065459,1.545,1.2753,-1.5076,-0.33197,1.4961,1.0025,0.50807,1.0526,0.35098,0.95229,0.061751,0.065691,-0.978,-0.022837,-1.0592,0.068844,0.04021,-1.8199,-1.7191,-0.08269,-0.017215,0.068859,-0.84559,-1.5975,0.81189,2.0993,-0.42404,-0.39167,0.58383,0.70375,-1.7924,0.057089,-0.26808,1.0944
0.79866,0.20819,-0.3465,-0.39592,-0.51265,0.81315,1.3048,-1.3085,-1.2863,-0.42489,0.083786,1.6558,1.2801,-1.5402,-0.32946,1.49,1.0006,0.51011,1.0407,0.35395,0.96024,0.088788,0.044507,-0.99673,-0.020734,-1.0484,0.079879,0.039005,-1.8187,-1.7233,-0.11459,-0.031664,0.064287,-0.84861,-1.5854,0.78597,2.1101,-0.37503,-0.33733,0.64136,0.60983,-1.8684,0.20204,-0.27017,1.0176
-0.059349,0.16179,0.11788,-0.89511,-1.687,1.2179,1.6114,-0.60731,-0.94227,0.76991,0.63902,-0.99348,1.2935,-1.0602,0.43333,1.3362,0.85134,0.37485,0.86671,0.50965,0.83596,0.22779,-0.093712,-1.0385,-0.10597,-1.057,1.1219,-0.37268,-1.714,-1.7426,0.34542,0.24525,0.43178,1.1675,-1.0501,-0.67876,-0.81347,1.2245,0.51641,0.020725,-0.54059,-0.92746,-1.9206,1.8497,0.12953
-0.020501,0.13447,0.15476,-0.94468,-1.666,1.2128,1.6023,-0.6258,-0.94062,0.7487,0.65377,-0.96496,1.3134,-1.0753,0.41765,1.34,0.84645,0.37018,0.84958,0.51467,0.84333,0.22978,-0.086856,-1.0327,-0.10681,-1.0596,1.1258,-0.3744,-1.7203,-1.7393,0.37424,0.18742,0.44363,0.98452,-1.0563,-0.60791,-0.83922,1.2728,0.52192,0.03262,-0.47447,-0.95843,-1.9228,1.9293,0.11269
-0.054528,0.14874,0.17697,-0.93698,-1.6726,1.2345,1.566,-0.56351,-0.95473,0.83438,0.62143,-0.9636,1.299,-1.1072,0.37218,1.336,0.84397,0.36849,0.84637,0.52082,0.84156,0.23971,-0.10386,-1.0469,-0.1077,-1.0558,1.1347,-0.36502,-1.7117,-1.7407,0.39234,0.14321,0.46274,0.86711,-1.1313,-0.57888,-0.82439,1.2534,0.5512,0.19918,-0.46876,-0.98505,-1.9256,1.934,0.11072
-0.060518,0.15378,0.20355,-0.93619,-1.6746,1.2438,1.5343,-0.52925,-0.96348,0.87936,0.60888,-0.96508,1.2871,-1.1336,0.35203,1.3348,0.84353,0.36746,0.84017,0.5187,0.84666,0.23954,-0.1014,-1.0437,-0.10429,-1.0471,1.1345,-0.36637,-1.7172,-1.7453,0.38009,0.16794,0.46031,0.80974,-1.1923,-0.47386,-0.82686,1.243,0.56372,0.31056,-0.63075,-0.9677,-1.9215,1.9008,0.17685
-0.073311,0.16682,0.20816,-0.91694,-1.6572,1.2506,1.4979,-0.48757,-0.99487,0.9206,0.59301,-0.96624,1.307,-1.1658,0.31789,1.347,0.83976,0.36361,0.83976,0.51999,0.84,0.23975,-0.10821,-1.0492,-0.10387,-1.0458,1.1381,-0.36773,-1.722,-1.7311,0.25276,0.15671,0.52462,0.78378,-1.0884,-0.47037,-0.82559,1.226,0.54636,0.37419,-0.66066,-0.95789,-1.9782,1.9201,0.19658
-0.052846,0.17071,0.22503,-0.90929,-1.6658,1.2507,1.479,-0.48107,-1.0148,0.91774,0.58713,-0.94707,1.3192,-1.1785,0.29981,1.3542,0.8404,0.36496,0.83775,0.52521,0.84306,0.22594,-0.10469,-1.0425,-0.10445,-1.0469,1.1373,-0.38272,-1.7198,-1.7277,0.24399,0.054032,0.50631,0.60943,-0.95727,-0.50137,-0.83606,1.3385,0.47194,0.52259,-0.58278,-1.0188,-2.012,1.9156,0.2458
-0.049678,0.18164,0.21967,-0.88178,-1.6355,1.2458,1.4927,-0.45176,-1.0425,0.9369,0.55422,-0.97027,1.3312,-1.1938,0.26314,1.3606,0.83764,0.36207,0.83981,0.52929,0.83522,0.2195,-0.10769,-1.0436,-0.10431,-1.0443,1.1457,-0.38946,-1.7171,-1.7234,0.22127,0.032688,0.51942,0.60383,-0.91563,-0.53846,-0.89049,1.3312,0.49787,0.61281,-0.54564,-0.96233,-2.0705,1.8503,0.2536
-0.051229,0.20311,0.2093,-0.85214,-1.6059,1.2591,1.5104,-0.454,-1.0647,0.92749,0.53399,-0.99129,1.3295,-1.2016,0.24795,1.3586,0.84497,0.37098,0.85632,0.52069,0.83362,0.21282,-0.10808,-1.0411,-0.11122,-1.051,1.1405,-0.39542,-1.709,-1.7227,0.21135,-0.013187,0.53391,0.58203,-0.85076,-0.6084,-0.92739,1.3911,0.50896,0.65153,-0.46583,-0.98264,-2.0911,1.7653,0.29511
-0.043807,0.23517,0.21519,-0.80466,-1.6155,1.2742,1.5186,-0.48418,-1.0844,0.88382,0.53337,-1.0029,1.3265,-1.1882,0.23671,1.3575,0.84131,0.36742,0.8609,0.5157,0.82171,0.21599,-0.097035,-1.0301,-0.11179,-1.054,1.1473,-0.39409,-1.7158,-1.725,0.21433,-0.035135,0.5446,0.62189,-0.85379,-0.69041,-0.96973,1.4581,0.4796,0.69216,-0.44973,-0.90473,-2.08,1.6918,0.28108
-0.018296,0.20463,0.25229,-0.83852,-1.5934,1.2478,1.5314,-0.48952,-1.1229,0.86727,0.53288,-0.9669,1.3523,-1.1829,0.22385,1.3713,0.83706,0.36359,0.84166,0.51432,0.83247,0.21213,-0.090534,-1.0179,-0.11594,-1.0573,1.1497,-0.39998,-1.7183,-1.7222,0.089369,-0.011345,0.57036,0.62072,-0.79101,-0.64341,-0.99417,1.5636,0.43666,0.71796,-0.48018,-0.94555,-2.0569,1.6313,0.29253
0.021544,0.017216,0.010003,-0.99771,-1.3692,1.0321,1.382,-0.65724,-0.80872,0.6657,0.75515,-1.5539,1.4613,-0.84623,0.88787,1.5537,1.0454,0.54236,1.0472,0.32855,1.0434,0.3455,0.036554,-0.96747,0.034783,-0.97076,-0.32477,-0.34324,-1.6838,-1.6873,-0.25661,-0.10918,0.015575,-0.052471,0.95462,-0.16588,-0.37683,0.12899,0.38529,0.054135,0.19476,-1.6493,-2.2413,1.4423,1.6759
0.028758,0.023016,0.015839,-0.98688,-1.391,1.0329,1.381,-0.65168,-0.80457,0.66542,0.75585,-1.5553,1.4521,-0.84907,0.88362,1.5507,1.0423,0.53896,1.0443,0.32745,1.0405,0.35759,0.040446,-0.96495,0.037912,-0.96875,-0.33446,-0.33091,-1.6877,-1.6935,-0.23124,-0.08962,0.027276,-0.049156,0.83431,-0.12784,-0.3931,0.18464,0.43192,0.11045,0.11495,-1.7127,-2.2297,1.466,1.6638
0.016333,0.022064,0.026362,-0.98586,-1.3684,1.03,1.3939,-0.64773,-0.79244,0.66679,0.76565,-1.5933,1.4326,-0.8433,0.8774,1.5489,1.0409,0.53774,1.0401,0.32858,1.0419,0.3653,0.036363,-0.96893,0.033831,-0.97248,-0.32701,-0.32245,-1.6954,-1.6873,-0.21086,-0.069838,0.035366,-0.020593,0.86357,-0.11908,-0.3944,0.16072,0.38008,0.10923,0.13609,-1.7509,-2.2209,1.4388,1.6627
0.0065968,0.018787,0.027391,-0.9901,-1.3708,1.027,1.3819,-0.62799,-0.80151,0.68779,0.78101,-1.5982,1.422,-0.84167,0.87781,1.551,1.0441,0.54172,1.0421,0.31959,1.0461,0.35674,0.033036,-0.96967,0.034299,-0.96992,-0.32226,-0.32857,-1.6957,-1.6825,-0.076345,-0.0056006,0.043036,0.098305,0.78364,-0.10951,-0.36374,0.15357,0.35254,0.089462,0.13368,-1.9665,-2.1478,1.3982,1.6171
0.016163,0.022599,0.02689,-0.98363,-1.3684,1.0288,1.3914,-0.62248,-0.8077,0.68913,0.76065,-1.6151,1.4107,-0.83202,0.88294,1.5488,1.0411,0.53836,1.04,0.31826,1.0421,0.3638,0.035672,-0.96794,0.038454,-0.96642,-0.32104,-0.32104,-1.7077,-1.6824,-0.15272,-0.013488,0.086586,0.067006,0.75229,-0.093982,-0.36375,0.17361,0.32372,0.038724,0.28673,-1.9867,-2.1303,1.4137,1.5986
0.022804,0.027079,0.031355,-0.97557,-1.3896,1.0297,1.3768,-0.61641,-0.79314,0.69053,0.7625,-1.6312,1.4046,-0.82307,0.88365,1.5497,1.0435,0.54281,1.0427,0.31527,1.0445,0.35055,0.035075,-0.96477,0.036335,-0.96477,-0.31568,-0.32576,-1.699,-1.6905,-0.056106,0.013325,0.070133,0.049093,0.69923,-0.022443,-0.35908,0.209,0.30788,0.108,0.32892,-2.0444,-2.1832,1.3388,1.5408
0.025735,0.030721,0.034282,-0.97068,-1.3731,1.0328,1.3861,-0.62026,-0.7976,0.68669,0.77572,-1.643,1.3918,-0.83108,0.87187,1.5476,1.0426,0.5427,1.0416,0.30971,1.0437,0.35576,0.03697,-0.96066,0.037976,-0.96141,-0.31805,-0.32082,-1.7024,-1.6954,0.12046,0.084662,0.044647,0.15416,0.6575,0.013057,-0.37024,0.10151,0.38793,0.055177,0.24051,-2.1372,-2.154,1.2809,1.521
0.034837,0.034127,0.029157,-0.96484,-1.3887,1.0331,1.386,-0.61623,-0.79089,0.68591,0.78034,-1.6486,1.381,-0.82568,0.87051,1.5468,1.0425,0.54317,1.0435,0.30835,1.0412,0.35682,0.037857,-0.95821,0.039113,-0.95846,-0.32104,-0.32003,-1.7054,-1.6961,0.083673,0.092167,0.077302,0.1134,0.66981,0.070931,-0.33894,0.060312,0.35763,-0.033129,0.19623,-2.161,-2.0803,1.2942,1.5979
0.031269,0.029133,0.025575,-0.97227,-1.3915,1.0305,1.4106,-0.62637,-0.77441,0.67965,0.76719,-1.6342,1.3779,-0.8285,0.87538,1.5499,1.0452,0.54507,1.046,0.31385,1.0445,0.33323,0.046914,-0.95166,0.045656,-0.95417,-0.31739,-0.3501,-1.7034,-1.6936,0.076996,0.10022,0.10233,0.13612,0.69986,0.062216,-0.38963,0.079108,0.23113,0.051659,0.23535,-2.2202,-2.0302,1.2974,1.5677
0.038258,0.033986,0.027578,-0.96779,-1.3829,1.0358,1.4131,-0.63814,-0.78552,0.66837,0.78799,-1.6314,1.3626,-0.8375,0.87557,1.5526,1.0466,0.54509,1.0483,0.32008,1.0451,0.32083,0.050165,-0.95103,0.049156,-0.9528,-0.31359,-0.36984,-1.6962,-1.6944,0.065019,0.094702,0.10742,0.12651,0.73076,0.062899,-0.44171,0.12438,0.294,0.07562,0.13499,-2.1994,-2.0361,1.3181,1.5428
-0.16809,-0.037009,0.088345,-1.0348,-2.0262,0.96009,1.3319,-0.46393,-0.64157,0.84047,0.72371,-1.1466,1.2445,-0.64659,0.97585,1.4237,0.92291,0.42812,0.89242,0.45486,0.9534,0.29043,-0.083915,-1.0747,-0.045431,-1.0133,0.71875,-0.37679,-1.7587,-1.7317,0.37791,0.42622,0.45884,0.60499,-0.24295,0.24746,-0.094376,0.57479,0.7282,0.40448,-0.65967,-2.8749,-1.0909,1.4082,-0.26831
-0.16594,-0.037156,0.084472,-1.0352,-2.0383,0.96091,1.3294,-0.44211,-0.65245,0.85717,0.71408,-1.1383,1.2314,-0.64458,0.97665,1.4143,0.9145,0.41968,0.88526,0.46891,0.94349,0.28223,-0.088135,-1.078,-0.048149,-1.0173,0.77255,-0.38828,-1.7513,-1.7298,0.30635,0.39615,0.46289,0.5636,-0.30279,0.22991,-0.105,0.61942,0.79658,0.38523,-0.64984,-2.8644,-1.0527,1.4506,-0.23605
-0.18937,-0.053595,0.072889,-1.0519,-2.0195,0.94542,1.3356,-0.43948,-0.64457,0.86038,0.71746,-1.1276,1.2506,-0.64529,0.98901,1.4102,0.91241,0.41955,0.88203,0.4726,0.94279,0.27287,-0.094968,-1.0822,-0.057114,-1.0234,0.80557,-0.39606,-1.7501,-1.7142,0.27481,0.38921,0.479,0.51468,-0.30826,0.26496,-0.13728,0.65368,0.75824,0.43349,-0.60472,-2.857,-1.0882,1.4619,-0.23446
-0.19584,-0.057347,0.071148,-1.0546,-2.0383,0.93991,1.3361,-0.44711,-0.62986,0.85354,0.73646,-1.1103,1.2433,-0.63272,0.9856,1.394,0.89927,0.40901,0.86903,0.48461,0.92975,0.27988,-0.097109,-1.0801,-0.057701,-1.0167,0.85118,-0.38264,-1.7513,-1.7312,0.27287,0.39817,0.49619,0.53961,-0.39586,0.25674,-0.098096,0.65995,0.65995,0.49619,-0.61794,-2.8363,-1.1117,1.4763,-0.19611
-0.20056,-0.062776,0.066441,-1.0601,-2.0339,0.93526,1.3358,-0.44614,-0.63104,0.85459,0.7268,-1.1044,1.2644,-0.62676,0.98238,1.3897,0.89701,0.40855,0.86663,0.49695,0.92738,0.26779,-0.10658,-1.086,-0.067071,-1.0203,0.87997,-0.3881,-1.7386,-1.7273,0.25691,0.39163,0.49792,0.53006,-0.39938,0.25444,-0.068142,0.67961,0.74017,0.49545,-0.65893,-2.8033,-1.1434,1.4546,-0.22758
-0.20128,-0.065248,0.060761,-1.0662,-2.0449,0.93495,1.3344,-0.45688,-0.62871,0.8476,0.72732,-1.0705,1.2671,-0.62871,0.99007,1.3793,0.88597,0.39689,0.8563,0.5042,0.91564,0.27573,-0.10307,-1.0842,-0.063513,-1.0187,0.91341,-0.3805,-1.7486,-1.7288,0.25512,0.38795,0.49446,0.52704,-0.44033,0.24886,-0.066913,0.70372,0.74256,0.52202,-0.6358,-2.776,-1.1709,1.4618,-0.25362
-0.19859,-0.06435,0.064208,-1.058,-2.0659,0.93002,1.3278,-0.45571,-0.63611,0.8384,0.73328,-1.053,1.2745,-0.61978,0.98329,1.3704,0.87935,0.39245,0.84856,0.52569,0.91038,0.26734,-0.10996,-1.0869,-0.071536,-1.0217,0.9488,-0.38727,-1.7386,-1.727,0.24718,0.39524,0.51166,0.47117,-0.46653,0.31932,-0.066647,0.69515,0.74577,0.51293,-0.68672,-2.7494,-1.1651,1.4899,-0.25393
-0.20357,-0.06381,0.068186,-1.052,-2.0875,0.92369,1.326,-0.44921,-0.63626,0.83899,0.72887,-1.0344,1.2752,-0.61368,0.97945,1.3687,0.87841,0.3935,0.84652,0.53012,0.9103,0.26866,-0.11888,-1.0919,-0.078651,-1.0274,0.96009,-0.38623,-1.7347,-1.7186,0.23315,0.38125,0.48648,0.46699,-0.42551,0.29421,-0.092931,0.67226,0.72033,0.57093,-0.60609,-2.7704,-1.1738,1.5102,-0.26702
-0.18959,-0.059391,0.067269,-1.0479,-2.0987,0.92913,1.3226,-0.44857,-0.64175,0.84209,0.73171,-1.0331,1.2546,-0.61203,0.98361,1.363,0.87179,0.38505,0.84104,0.53975,0.90253,0.27068,-0.11497,-1.0904,-0.073163,-1.0245,0.97607,-0.38601,-1.74,-1.7208,0.34399,0.41203,0.46307,0.54813,-0.48436,0.27594,-0.082616,0.64496,0.696,0.53112,-0.65447,-2.7495,-1.1688,1.5047,-0.28021
-0.20296,-0.064385,0.068533,-1.0528,-2.0914,0.9233,1.3213,-0.449,-0.63706,0.83917,0.72746,-1.033,1.2719,-0.60807,0.98693,1.3601,0.87352,0.39058,0.84153,0.54415,0.90526,0.25434,-0.12507,-1.0934,-0.085275,-1.0331,1.0019,-0.40072,-1.7226,-1.7113,0.30318,0.42411,0.51714,0.55302,-0.59785,0.2952,-0.079559,0.62744,0.759,0.4467,-0.6736,-2.7242,-1.1321,1.5231,-0.24169
0.012505,0.0067554,-0.0018685,-1.0044,-1.4399,1.0172,1.3851,-0.67238,-0.76436,0.64636,0.67439,-1.4155,1.6424,-0.86498,0.77859,1.55,1.0396,0.53538,1.0424,0.34984,1.0371,0.33255,0.031618,-0.97793,0.027806,-0.982,-0.30109,-0.29956,-1.6972,-1.6886,-0.26136,0.023833,0.26885,0.094125,0.0057573,-0.048469,0.3271,0.53597,0.29094,0.47973,0.20258,-2.4043,-2.0046,0.9296,1.5602
0.016034,0.0058614,-0.0064911,-1.0165,-1.4575,1.0275,1.4271,-0.67934,-0.78034,0.654,0.67798,-1.3769,1.5928,-0.86535,0.78116,1.5477,1.0378,0.53399,1.0416,0.34888,1.034,0.32932,0.031216,-0.97712,0.027661,-0.98144,-0.29178,-0.28391,-1.713,-1.6848,-0.23757,0.048336,0.29126,0.13616,0.059548,-0.037622,0.37722,0.53232,0.27071,0.44636,0.17727,-2.3174,-2.1641,0.9565,1.461
0.016476,0.0018089,-0.016525,-1.0293,-1.4737,1.0336,1.4546,-0.6868,-0.78213,0.65815,0.70435,-1.3417,1.5462,-0.87233,0.78722,1.5482,1.0376,0.53318,1.043,0.35485,1.032,0.31313,0.031002,-0.97869,0.026169,-0.9848,-0.27198,-0.28343,-1.7144,-1.6859,-0.19499,0.095091,0.33539,0.18263,0.096808,0.0058359,0.30621,0.56711,0.22726,0.46241,0.23756,-2.2564,-2.3131,0.9104,1.3378
0.023607,0.013279,0.00073771,-1.0239,-1.4762,1.0505,1.4813,-0.71632,-0.78493,0.63665,0.70378,-1.3212,1.516,-0.88673,0.78345,1.551,1.039,0.53332,1.0431,0.35304,1.0349,0.30102,0.033779,-0.97806,0.026639,-0.98571,-0.26916,-0.28523,-1.7109,-1.6867,-0.16125,0.10556,0.33266,0.20243,0.045209,0.0086818,0.31678,0.6217,0.25167,0.5153,0.21514,-2.2004,-2.3942,0.86786,1.2728
0.013995,0.005864,-0.0015276,-1.0334,-1.4865,1.0459,1.482,-0.69782,-0.80722,0.65707,0.70437,-1.2855,1.5175,-0.89518,0.78051,1.5474,1.033,0.52639,1.0359,0.35793,1.0305,0.30621,0.030995,-0.98463,0.025619,-0.99154,-0.25446,-0.25088,-1.7171,-1.6953,-0.2354,0.098973,0.37538,0.16287,0.042502,0.035072,0.28473,0.62356,0.30405,0.50467,0.30702,-2.1599,-2.4333,0.84053,1.2492
0.0075939,0.0038956,-0.0012821,-1.0368,-1.4954,1.0446,1.5246,-0.69731,-0.83266,0.65924,0.68882,-1.2328,1.4988,-0.90515,0.77389,1.5474,1.0341,0.52847,1.0356,0.34423,1.0323,0.30891,0.023593,-0.99076,0.020011,-0.99537,-0.25456,-0.22334,-1.7149,-1.6957,-0.25338,0.10128,0.40147,0.12501,0.0021409,0.076143,0.22554,0.67793,0.34702,0.59974,0.28419,-2.1565,-2.4357,0.80499,1.2001
0.0027378,0.0027378,0.0012444,-1.0478,-1.5055,1.0533,1.5394,-0.70137,-0.82382,0.66802,0.69117,-1.2031,1.4744,-0.92089,0.76957,1.5469,1.0313,0.52353,1.0319,0.33377,1.0308,0.31371,0.024958,-0.9948,0.022901,-0.99763,-0.25119,-0.19746,-1.7209,-1.6978,-0.23699,0.10588,0.40016,0.11377,-0.063583,0.096689,0.19653,0.69048,0.38308,0.66027,0.35286,-2.2089,-2.398,0.76142,1.1463
0.011105,0.0088441,0.0058291,-1.0517,-1.4859,1.0701,1.5488,-0.7012,-0.84969,0.68195,0.691,-1.1911,1.4402,-0.94843,0.77014,1.5463,1.0319,0.5244,1.0327,0.32043,1.0309,0.3194,0.01435,-1.0027,0.013581,-1.0045,-0.24837,-0.16293,-1.7144,-1.701,-0.14516,0.1472,0.39253,0.14593,-0.14771,0.1472,0.2044,0.67345,0.35821,0.66201,0.35821,-2.2565,-2.3849,0.74082,1.1044
-0.0080486,0.0056188,0.016249,-1.062,-1.494,1.0732,1.5516,-0.69446,-0.85619,0.69886,0.68899,-1.1652,1.4217,-0.95642,0.78011,1.5455,1.0306,0.52308,1.0295,0.3075,1.0318,0.32009,0.014064,-1.0045,0.013036,-1.0073,-0.24109,-0.14113,-1.7131,-1.708,-0.17799,0.15343,0.42449,0.20888,-0.21496,0.099223,0.21381,0.64257,0.39246,0.6438,0.40724,-2.275,-2.3538,0.73005,1.1058
-0.022418,-0.0031364,0.01306,-1.0875,-1.4978,1.082,1.5671,-0.68107,-0.90087,0.73264,0.70564,-1.0983,1.3674,-0.9672,0.79048,1.5391,1.0228,0.51403,1.0202,0.32498,1.0251,0.3193,0.014291,-1.0074,0.015582,-1.0097,-0.2135,-0.12207,-1.7254,-1.7174,-0.26773,0.11812,0.43905,0.16139,-0.18479,0.074844,0.21187,0.72753,0.41501,0.65781,0.40419,-2.1921,-2.4001,0.73835,1.0965
-0.15125,-0.084381,-0.02517,-1.0575,-1.3961,0.88946,1.3687,-0.62285,-0.69669,0.64286,0.70347,-1.5138,1.7839,-0.61658,0.77591,1.553,1.0455,0.54656,1.0361,0.29838,1.0549,0.34431,0.039283,-0.96411,0.048672,-0.95624,-0.3269,-0.33172,-1.699,-1.6886,-0.72659,-0.16063,0.34245,0.12685,0.22746,-0.4481,-0.10493,1.0737,0.35683,0.61375,0.0028747,-2.4658,-1.4129,1.2713,1.3037
-0.13938,-0.079823,-0.024475,-1.0586,-1.4061,0.89893,1.3578,-0.61369,-0.71178,0.66283,0.69225,-1.5035,1.7838,-0.6256,0.76722,1.5533,1.0446,0.54411,1.0357,0.29843,1.0535,0.33705,0.040295,-0.96505,0.05249,-0.95184,-0.31489,-0.33268,-1.6988,-1.6963,-0.61652,-0.10894,0.3385,0.17933,0.2094,-0.39899,-0.045275,1.0017,0.38095,0.63208,-0.091258,-2.5708,-1.4053,1.2069,1.2882
-0.14632,-0.076565,-0.013857,-1.0616,-1.4294,0.90774,1.353,-0.61698,-0.72337,0.66606,0.68579,-1.4667,1.7871,-0.63107,0.76612,1.554,1.0458,0.54441,1.0346,0.29804,1.057,0.33313,0.03973,-0.96683,0.051425,-0.95513,-0.3152,-0.33045,-1.7044,-1.6861,-0.56111,-0.088105,0.33707,0.19889,0.19003,-0.37333,-0.038502,0.96774,0.38313,0.58863,-0.050903,-2.6108,-1.4221,1.2034,1.276
-0.14779,-0.077853,-0.014271,-1.0655,-1.4583,0.9105,1.3492,-0.60276,-0.72357,0.68443,0.68301,-1.4392,1.783,-0.64091,0.76002,1.5528,1.0458,0.54542,1.0344,0.30031,1.0572,0.32391,0.033375,-0.97168,0.048092,-0.95773,-0.28634,-0.33201,-1.705,-1.6885,-0.51114,-0.063808,0.33794,0.19446,0.084739,-0.32208,0.012154,0.90344,0.42235,0.54726,0.035786,-2.7157,-1.3568,1.1701,1.2613
-0.15131,-0.085392,-0.024431,-1.0771,-1.4783,0.90557,1.3585,-0.60143,-0.72902,0.69079,0.69008,-1.3904,1.7817,-0.65105,0.76168,1.5501,1.0427,0.54178,1.0325,0.29988,1.0531,0.31948,0.037092,-0.97203,0.052116,-0.95675,-0.25905,-0.33289,-1.7084,-1.6995,-0.55023,-0.074284,0.3555,0.16449,0.038734,-0.31305,0.10241,0.88875,0.47807,0.57039,0.03555,-2.774,-1.2729,1.1227,1.2278
-0.15981,-0.097798,-0.035783,-1.095,-1.4899,0.90014,1.3742,-0.61316,-0.7322,0.68701,0.69485,-1.3331,1.7862,-0.65165,0.76613,1.5479,1.0405,0.53927,1.0301,0.29719,1.0507,0.31683,0.034453,-0.97696,0.047973,-0.96063,-0.21834,-0.33185,-1.7167,-1.7004,-0.54361,-0.069826,0.36075,0.14174,0.019567,-0.28288,0.12088,0.90009,0.53209,0.60807,-0.004271,-2.8216,-1.217,1.0863,1.1698
-0.17285,-0.10447,-0.042565,-1.1115,-1.5045,0.90256,1.3956,-0.63354,-0.73288,0.67942,0.71397,-1.2684,1.7721,-0.66449,0.77155,1.5457,1.0388,0.5398,1.0296,0.29554,1.048,0.3088,0.030885,-0.98007,0.044144,-0.96528,-0.18431,-0.32709,-1.7177,-1.7067,-0.60058,-0.068772,0.3976,0.13448,-0.0033412,-0.27342,0.14562,0.90017,0.53403,0.64262,0.15119,-2.8002,-1.3008,1.0199,1.1215
-0.17875,-0.1051,-0.039474,-1.126,-1.535,0.91504,1.4065,-0.64762,-0.75116,0.68316,0.72034,-1.1967,1.7456,-0.67387,0.78305,1.5404,1.033,0.53433,1.0233,0.29047,1.0427,0.31728,0.027969,-0.9822,0.039971,-0.96892,-0.15256,-0.30041,-1.7296,-1.7158,-0.61862,-0.078555,0.39517,0.11253,0.01035,-0.26964,0.22133,0.95912,0.47876,0.70434,0.12978,-2.7789,-1.3365,0.98168,1.0892
-0.18481,-0.098368,-0.020121,-1.1409,-1.5821,0.94418,1.4353,-0.65877,-0.76682,0.70124,0.72807,-1.1238,1.6685,-0.69379,0.79216,1.5363,1.0276,0.52752,1.0155,0.29148,1.0399,0.31429,0.025954,-0.98795,0.038769,-0.97411,-0.10886,-0.28544,-1.7366,-1.7243,-0.57288,-0.05622,0.3971,0.12635,-0.020203,-0.24003,0.22819,0.94729,0.50515,0.71504,0.18472,-2.7699,-1.4286,0.93984,1.0442
-0.18647,-0.097516,-0.013887,-1.1619,-1.6059,0.9676,1.4663,-0.64718,-0.80379,0.73953,0.73421,-1.0562,1.591,-0.71789,0.79199,1.5286,1.0204,0.51922,1.0066,0.29714,1.0343,0.31847,0.019278,-0.99551,0.035214,-0.97983,-0.058605,-0.26603,-1.7504,-1.7288,-0.50641,-0.01535,0.42167,0.13502,-0.076439,-0.1669,0.20786,0.94679,0.45926,0.72123,0.18789,-2.7526,-1.5202,0.94326,1.0149
0.019992,0.0028741,-0.018048,-0.88915,-1.3482,0.89553,1.2861,-0.6121,-0.60702,0.55128,0.71231,-1.8547,1.7755,-0.58357,0.6692,1.5559,1.0486,0.54915,1.0549,0.3091,1.0426,0.30305,0.052678,-0.94857,0.045625,-0.94555,-0.30072,-0.372,-1.7128,-1.6821,-0.19699,0.14182,0.4161,0.16257,-0.040258,0.12338,0.34926,0.60509,0.76873,0.61892,-0.56576,-3.1448,-0.85386,0.90241,0.71342
0.013236,-0.0026727,-0.019854,-0.89738,-1.3524,0.89203,1.2948,-0.62375,-0.61229,0.54395,0.72149,-1.8296,1.7874,-0.57666,0.66167,1.5555,1.0476,0.54845,1.0516,0.31514,1.0433,0.3023,0.051865,-0.94861,0.044063,-0.94584,-0.2922,-0.37576,-1.719,-1.6783,-0.32322,0.081568,0.40174,-0.014484,-0.053362,0.17533,0.33085,0.70591,0.7768,0.68075,-0.49017,-3.1613,-0.70514,0.88658,0.70819
0.014318,0.00033888,-0.014275,-0.89303,-1.3569,0.89434,1.301,-0.62171,-0.62616,0.54297,0.72215,-1.8328,1.7763,-0.56771,0.66115,1.5539,1.046,0.54606,1.0495,0.31665,1.0422,0.30707,0.051697,-0.95064,0.046403,-0.94359,-0.28939,-0.37359,-1.7221,-1.6802,-0.33513,0.075694,0.40977,0.017005,-0.055228,0.13438,0.42557,0.68065,0.61519,0.80254,-0.45928,-3.1319,-0.81142,0.90412,0.72805
0.0091932,-0.0022453,-0.013048,-0.89636,-1.3679,0.89123,1.303,-0.6123,-0.62183,0.55316,0.72538,-1.8337,1.7631,-0.56655,0.66882,1.5556,1.045,0.54499,1.047,0.31217,1.0427,0.31242,0.05005,-0.95347,0.044999,-0.94842,-0.28454,-0.36762,-1.7166,-1.6843,-0.41847,0.049528,0.42518,-0.023925,0.022246,0.12298,0.41889,0.7127,0.49654,0.78615,-0.26947,-3.0921,-0.95992,0.97923,0.75047
0.0062459,-0.0039515,-0.013512,-0.90005,-1.3806,0.89278,1.2994,-0.61133,-0.62727,0.55754,0.73472,-1.8134,1.7691,-0.57055,0.66079,1.5555,1.0432,0.54176,1.0445,0.30918,1.0419,0.32313,0.043878,-0.9643,0.041088,-0.95746,-0.27849,-0.34545,-1.7151,-1.6833,-0.46092,0.029324,0.43431,-0.063686,-0.0036171,0.12233,0.444,0.7269,0.57964,0.8141,-0.12763,-3.0362,-1.1101,0.93618,0.71528
0.011441,-0.006356,-0.026695,-0.90065,-1.3761,0.8873,1.3023,-0.60763,-0.64132,0.55806,0.73221,-1.8076,1.7778,-0.56378,0.66103,1.5489,1.0386,0.53823,1.044,0.30614,1.0336,0.33731,0.039087,-0.96807,0.037313,-0.95869,-0.25913,-0.32045,-1.7221,-1.6947,-0.43742,0.031879,0.42296,-0.0018962,0.0034368,0.063877,0.41407,0.73938,0.61139,0.85137,-0.080113,-3.0061,-1.2125,0.88693,0.71272
0.024736,-0.0032191,-0.03181,-0.89651,-1.3857,0.89007,1.3138,-0.62459,-0.6284,0.54127,0.73823,-1.8025,1.7694,-0.56423,0.65944,1.548,1.0385,0.53905,1.0466,0.30208,1.0304,0.33816,0.034306,-0.96812,0.027492,-0.96459,-0.23422,-0.31851,-1.723,-1.6962,-0.24764,0.092129,0.38452,0.1199,-0.084288,0.065993,0.38779,0.74716,0.51847,0.78636,-0.043451,-3.0834,-1.1967,0.85824,0.69489
0.01044,-0.012664,-0.038977,-0.91436,-1.3983,0.88903,1.3229,-0.65123,-0.61594,0.52515,0.73757,-1.75,1.7907,-0.56716,0.67275,1.5431,1.0338,0.53432,1.0426,0.29544,1.0247,0.34322,0.040141,-0.96414,0.029524,-0.96666,-0.20808,-0.30793,-1.7346,-1.7055,-0.25782,0.11643,0.43056,0.19609,-0.11353,0.036774,0.3479,0.69509,0.53577,0.66203,0.068337,-3.106,-1.1957,0.88147,0.70261
0.014918,-0.018809,-0.05578,-0.93009,-1.4068,0.89312,1.3283,-0.66676,-0.61423,0.52212,0.72514,-1.6987,1.8128,-0.58244,0.67714,1.5401,1.032,0.53249,1.0431,0.29526,1.0206,0.34205,0.036031,-0.96853,0.024397,-0.97409,-0.17717,-0.3011,-1.7348,-1.7103,-0.24578,0.1158,0.42453,0.15891,-0.1679,0.072686,0.30493,0.76385,0.54691,0.6679,0.18116,-3.0939,-1.2318,0.83617,0.6665
0.0093233,-0.014856,-0.042304,-0.93303,-1.4101,0.90397,1.349,-0.69516,-0.62523,0.50272,0.7419,-1.6689,1.8025,-0.58733,0.6674,1.5386,1.0277,0.5254,1.0368,0.29718,1.0185,0.33661,0.038928,-0.97168,0.024171,-0.98007,-0.14248,-0.29311,-1.739,-1.7174,-0.21638,0.13041,0.42325,0.19591,-0.19711,0.06362,0.26142,0.74049,0.54912,0.68912,0.29995,-3.0215,-1.3993,0.806,0.67499
0.064851,0.10012,0.12763,-0.85853,-0.16088,1.0588,1.1709,-0.47479,-1.8856,0.78014,1.0404,-0.73791,0.13398,-1.6987,1.3395,1.8508,1.0937,0.34667,1.1342,-0.081357,1.0528,0.14668,-0.38194,-0.25609,-0.42682,-0.17915,-0.46169,-0.35428,-1.7834,-1.7001,0.1588,0.61194,1.0523,0.83691,0.309,0.38697,0.053985,1.6071,-0.6874,1.3463,-1.2875,-1.1738,-1.0594,-0.7641,-1.3911
0.0601,0.096781,0.125,-0.86327,-0.14517,1.0568,1.157,-0.49435,-1.8974,0.77961,1.054,-0.75605,0.12359,-1.6576,1.3609,1.8507,1.0935,0.34681,1.1337,-0.080176,1.053,0.14396,-0.37662,-0.24205,-0.42643,-0.18943,-0.47021,-0.35171,-1.7709,-1.7142,0.13665,0.59872,1.0499,0.81949,0.31314,0.37795,0.051298,1.6352,-0.70085,1.3566,-1.2893,-1.1591,-1.0769,-0.73807,-1.3747
0.062478,0.099175,0.1267,-0.85988,-0.13018,1.0582,1.1634,-0.48233,-1.9191,0.77947,1.0413,-0.74203,0.12529,-1.6637,1.3412,1.8501,1.0938,0.34808,1.1365,-0.078476,1.0512,0.13741,-0.37115,-0.23165,-0.42543,-0.19908,-0.46241,-0.3615,-1.7614,-1.726,0.12203,0.59186,1.0508,0.81681,0.30328,0.36755,0.035907,1.6517,-0.68844,1.3638,-1.2894,-1.1763,-1.0876,-0.70065,-1.3614
0.051288,0.082846,0.10739,-0.87653,-0.13035,1.0422,1.1425,-0.48871,-1.8787,0.75749,1.085,-0.75029,0.10739,-1.655,1.4034,1.8589,1.0915,0.33325,1.1266,-0.063419,1.0563,0.13976,-0.36759,-0.246,-0.44717,-0.1636,-0.47261,-0.36799,-1.7846,-1.6933,0.1757,0.60112,1.0182,0.80552,0.32389,0.39735,0.040285,1.6659,-0.68407,1.3018,-1.3126,-1.1255,-1.0661,-0.68343,-1.4583
0.044335,0.090104,0.13032,-0.85578,-0.14359,1.036,1.1324,-0.4924,-1.8786,0.74612,1.0714,-0.78019,0.10744,-1.6442,1.4368,1.8767,1.097,0.32914,1.1268,-0.1097,1.0676,0.13319,-0.41302,-0.17461,-0.47099,-0.16155,-0.48976,-0.37709,-1.7291,-1.7046,0.21342,0.62921,1.0386,0.84545,0.28015,0.41297,0.053643,1.5936,-0.65026,1.2895,-1.3381,-1.1893,-1.0596,-0.66309,-1.4562
0.031925,0.078847,0.12163,-0.86442,-0.1599,1.0221,1.1097,-0.47455,-1.8732,0.75852,1.0828,-0.77472,0.096788,-1.631,1.4755,1.883,1.0969,0.32097,1.1228,-0.10606,1.0709,0.13132,-0.43476,-0.14144,-0.47878,-0.16036,-0.49688,-0.38663,-1.7072,-1.7138,0.22854,0.63493,1.0349,0.8439,0.292,0.42597,0.074057,1.5727,-0.67335,1.2894,-1.3477,-1.1785,-1.04,-0.69963,-1.4573
0.013078,0.071587,0.12734,-0.86868,-0.17277,1.0119,1.0951,-0.44122,-1.8757,0.78539,1.0759,-0.79503,0.092925,-1.6148,1.4951,1.8841,1.0972,0.31932,1.1186,-0.11334,1.0757,0.13495,-0.44247,-0.13273,-0.47547,-0.15995,-0.50599,-0.38349,-1.7017,-1.7149,0.22899,0.63287,1.0323,0.84763,0.28733,0.41811,0.082185,1.5733,-0.66274,1.2874,-1.3609,-1.1794,-1.039,-0.68838,-1.4596
0.025377,0.08415,0.13609,-0.84597,-0.16461,1.0136,1.099,-0.42362,-1.8848,0.80856,1.0484,-0.8077,0.090301,-1.6442,1.4653,1.8892,1.0979,0.31482,1.1219,-0.13382,1.0734,0.13603,-0.45126,-0.11147,-0.47195,-0.15906,-0.51003,-0.38876,-1.6867,-1.7202,0.2427,0.63581,1.0257,0.86283,0.2722,0.40944,0.077895,1.5631,-0.64996,1.2976,-1.3676,-1.197,-1.027,-0.69678,-1.449
0.011672,0.072302,0.12544,-0.85826,-0.16272,1.0022,1.0867,-0.43045,-1.8651,0.79237,1.0744,-0.82965,0.081839,-1.6131,1.5124,1.8933,1.1021,0.32133,1.1236,-0.14922,1.0807,0.1189,-0.44502,-0.10626,-0.46775,-0.15211,-0.53798,-0.39545,-1.6778,-1.7084,0.23948,0.64078,1.0343,0.8582,0.26078,0.42336,0.067871,1.5705,-0.67342,1.3021,-1.3515,-1.1986,-1.056,-0.71407,-1.4037
-0.018747,0.050704,0.10926,-0.88281,-0.1774,0.98422,1.0721,-0.44227,-1.8442,0.77995,1.1095,-0.82085,0.06977,-1.5664,1.5773,1.8876,1.0995,0.32585,1.1176,-0.13036,1.0814,0.12739,-0.43628,-0.12665,-0.45687,-0.16412,-0.5314,-0.38976,-1.6917,-1.7123,0.19076,0.6217,1.0422,0.82735,0.27918,0.41671,0.068942,1.5969,-0.71108,1.3369,-1.347,-1.2029,-1.068,-0.70912,-1.3424
0.64595,0.43857,0.22657,-0.46424,-0.96882,1.3414,1.2542,-0.57454,-1.4067,0.60302,0.47952,-0.49991,0.31705,-2.2111,0.81899,1.4643,0.93679,0.40932,0.91819,0.41105,0.95583,0.4448,-0.13071,-0.97926,-0.10648,-0.71054,0.060551,0.11377,-1.8412,-1.9464,1.4946,1.0347,0.57982,1.1295,0.3894,0.93994,0.19453,0.18653,-0.77713,0.06304,-1.0558,-0.311,-0.40961,-1.6659,-1.7926
0.62872,0.42982,0.22764,-0.47178,-0.99323,1.3321,1.2123,-0.56272,-1.3969,0.61367,0.55151,-0.52346,0.27802,-2.2017,0.87603,1.4541,0.93617,0.41604,0.94095,0.41604,0.9314,0.44123,-0.10148,-0.98283,-0.10756,-0.70279,0.04744,0.10996,-1.8533,-1.9454,1.5004,1.0365,0.57637,1.1155,0.3944,0.95748,0.18846,0.16775,-0.77525,0.06478,-1.0569,-0.30064,-0.41338,-1.6632,-1.7922
0.60814,0.41927,0.22975,-0.47593,-0.99338,1.3145,1.189,-0.5432,-1.3847,0.62366,0.59326,-0.58459,0.26985,-2.1945,0.92896,1.4524,0.93457,0.41325,0.94237,0.41281,0.92677,0.44661,-0.10244,-0.98259,-0.11285,-0.71217,0.071763,0.10687,-1.8402,-1.9572,1.5011,1.0363,0.57543,1.1095,0.39978,0.96287,0.19155,0.16222,-0.77616,0.066844,-1.0552,-0.30875,-0.41005,-1.6692,-1.7862
0.59753,0.41658,0.23175,-0.4772,-1.0117,1.3104,1.1837,-0.53536,-1.3755,0.63049,0.59818,-0.60451,0.27117,-2.1846,0.9491,1.4544,0.93991,0.41975,0.93904,0.40539,0.94121,0.43673,-0.10127,-0.99708,-0.099969,-0.6902,0.047155,0.098953,-1.8637,-1.9303,1.5009,1.0343,0.57223,1.1094,0.40164,0.95894,0.20031,0.15951,-0.77118,0.061061,-1.0618,-0.30288,-0.4031,-1.6614,-1.798
0.6133,0.42436,0.23088,-0.47228,-1.0014,1.321,1.2152,-0.54694,-1.3787,0.62239,0.56785,-0.61252,0.28672,-2.1792,0.90936,1.4438,0.93336,0.41468,0.93075,0.42209,0.93598,0.44212,-0.10574,-1.0077,-0.10226,-0.68757,0.073251,0.1094,-1.8778,-1.9244,1.4937,1.0272,0.56575,1.1063,0.43111,0.94809,0.20643,0.15565,-0.77289,0.052317,-1.0702,-0.27688,-0.3938,-1.6633,-1.8095
0.59488,0.42012,0.23824,-0.47311,-1.0362,1.3133,1.1768,-0.52618,-1.3689,0.63824,0.59358,-0.59803,0.24536,-2.1799,0.96187,1.454,0.9369,0.41503,0.92472,0.40546,0.94953,0.43114,-0.11511,-1.0096,-0.098571,-0.68791,0.082496,0.10513,-1.8709,-1.9223,1.5003,1.0332,0.57223,1.1132,0.40884,0.9531,0.19314,0.1633,-0.76626,0.058996,-1.0635,-0.29882,-0.40696,-1.6586,-1.8022
0.57211,0.40493,0.23517,-0.48565,-1.029,1.2962,1.1521,-0.51587,-1.364,0.64606,0.6422,-0.60525,0.21395,-2.1794,1.0164,1.4571,0.94084,0.41858,0.93782,0.39571,0.9443,0.43499,-0.10626,-0.99454,-0.10195,-0.7019,0.066383,0.097891,-1.8491,-1.9398,1.5011,1.0351,0.5737,1.1067,0.41127,0.96359,0.18411,0.15887,-0.77265,0.065328,-1.0589,-0.29991,-0.41127,-1.6676,-1.7894
0.56736,0.40001,0.23202,-0.48931,-1.0176,1.29,1.156,-0.51624,-1.3658,0.64367,0.64559,-0.60793,0.22689,-2.1833,1.0188,1.4623,0.94129,0.41775,0.94043,0.39318,0.94215,0.438,-0.10623,-0.98743,-0.10537,-0.70949,0.054926,0.10319,-1.835,-1.9496,1.4981,1.0314,0.57044,1.1016,0.41678,0.9613,0.2001,0.15492,-0.77898,0.063369,-1.0608,-0.29479,-0.39853,-1.6766,-1.7884
0.58255,0.40824,0.23199,-0.48457,-1.0069,1.301,1.1595,-0.52638,-1.3735,0.63723,0.63466,-0.60292,0.23714,-2.1872,0.98908,1.454,0.93927,0.41717,0.94616,0.3995,0.93195,0.44689,-0.10063,-0.98286,-0.10968,-0.71492,0.051866,0.11174,-1.8319,-1.9586,1.4989,1.0339,0.57252,1.1029,0.40573,0.96495,0.20149,0.1563,-0.77841,0.066218,-1.0582,-0.30481,-0.40024,-1.6765,-1.7848
0.53857,0.38638,0.22976,-0.49693,-1.0163,1.2697,1.1194,-0.50263,-1.3618,0.6489,0.70026,-0.61107,0.21581,-2.1874,1.0674,1.4516,0.93682,0.41649,0.95225,0.41092,0.92182,0.44092,-0.09398,-0.97777,-0.11412,-0.72189,0.052605,0.11818,-1.8277,-1.9661,1.5018,1.0364,0.57272,1.0942,0.40236,0.97878,0.20216,0.14667,-0.78359,0.071187,-1.0548,-0.30683,-0.40648,-1.6781,-1.7765
-0.38009,-0.26366,-0.15662,0.16826,1.3044,-0.69558,-0.70497,0.25183,-0.46648,-0.33127,-0.34629,3.0509,-0.62986,-0.90779,0.10723,1.3614,0.88996,0.41322,0.92615,0.46437,0.85377,0.26919,-0.038426,-0.97936,-0.087161,-1.0247,0.87597,-0.34556,-1.7939,-1.7849,0.14066,-0.0031521,-0.12464,-0.87062,-1.3769,0.86498,1.6458,-0.79182,-0.84567,0.31993,0.69293,-0.74126,1.9813,-1.1727,0.28119
-0.43171,-0.28449,-0.15884,0.13653,1.1624,-0.70552,-0.68207,0.21248,-0.48235,-0.307,-0.27793,3.1146,-0.57705,-0.92212,0.2031,1.3818,0.90854,0.43024,0.94978,0.43387,0.86755,0.27694,-0.038614,-0.98577,-0.074996,-1.0188,0.78994,-0.34204,-1.7986,-1.7799,0.17506,0.016035,-0.12112,-0.86057,-1.3443,0.89264,1.6632,-0.78901,-0.83142,0.31287,0.6614,-0.81816,1.9826,-1.1601,0.22077
-0.44936,-0.29397,-0.16064,0.1185,1.0029,-0.70644,-0.65752,0.2384,-0.47814,-0.29685,-0.24697,3.1698,-0.5357,-0.95104,0.24703,1.3961,0.92041,0.43857,0.96195,0.42611,0.87887,0.28391,-0.014677,-0.96882,-0.070631,-1.0214,0.70222,-0.3394,-1.8054,-1.7879,0.17999,0.025489,-0.11003,-0.84457,-1.3343,0.89555,1.6576,-0.80463,-0.82231,0.32075,0.66641,-0.89367,1.9738,-1.1379,0.22778
-0.42661,-0.29097,-0.15932,0.12195,0.866,-0.70489,-0.64504,0.26856,-0.46851,-0.29695,-0.24609,3.2128,-0.51738,-0.9672,0.2536,1.4093,0.9285,0.44421,0.97147,0.42604,0.88552,0.2863,-0.0020138,-0.96126,-0.06783,-1.0241,0.6392,-0.34067,-1.8007,-1.794,0.20023,0.039342,-0.10266,-0.82958,-1.3233,0.90761,1.6593,-0.79375,-0.82307,0.32203,0.65553,-0.9592,1.9654,-1.1246,0.20674
-0.39128,-0.265,-0.14078,0.15693,0.74313,-0.68694,-0.63561,0.26986,-0.48367,-0.29272,-0.26295,3.2511,-0.51755,-0.97542,0.23085,1.4193,0.93534,0.44868,0.97678,0.42944,0.8939,0.29303,0.0017266,-0.96223,-0.065119,-1.0249,0.58286,-0.33645,-1.7927,-1.7996,0.19448,0.04118,-0.094726,-0.81935,-1.3089,0.90106,1.6502,-0.80131,-0.82836,0.33038,0.66854,-1.0158,1.9587,-1.1073,0.23119
-0.36863,-0.22856,-0.11837,0.21531,0.69317,-0.67244,-0.65802,0.29461,-0.4747,-0.29756,-0.3058,3.2627,-0.56842,-0.94535,0.17206,1.4258,0.94075,0.45275,0.98228,0.43149,0.89897,0.29577,0.00084053,-0.96453,-0.062199,-1.0249,0.5462,-0.33587,-1.7858,-1.8016,0.20284,0.047803,-0.091729,-0.81071,-1.3081,0.90631,1.6518,-0.78681,-0.81588,0.3288,0.6589,-1.0549,1.9567,-1.102,0.21705
-0.33415,-0.21739,-0.11613,0.2269,0.67118,-0.66271,-0.65858,0.30542,-0.47363,-0.30418,-0.33001,3.2718,-0.57902,-0.93548,0.13597,1.4297,0.94656,0.45919,0.99206,0.42729,0.90131,0.2945,-0.0024727,-0.96783,-0.057615,-1.0217,0.51952,-0.33876,-1.7846,-1.7972,0.2536,0.07706,-0.077575,-0.77794,-1.3301,0.93206,1.6563,-0.79276,-0.8166,0.32512,0.62343,-1.0705,1.9404,-1.1007,0.15824
-0.36653,-0.23173,-0.11711,0.20131,0.59508,-0.66584,-0.62444,0.26924,-0.50663,-0.2848,-0.27631,3.2889,-0.51725,-0.97682,0.21298,1.4325,0.94794,0.45941,0.99154,0.43092,0.90434,0.29863,0.0035839,-0.96456,-0.057359,-1.0225,0.49509,-0.33457,-1.7851,-1.7999,0.22864,0.061936,-0.083607,-0.79401,-1.3262,0.91788,1.6507,-0.7767,-0.81132,0.3293,0.64539,-1.0966,1.9444,-1.0832,0.19337
-0.40383,-0.24096,-0.11237,0.19409,0.54985,-0.67494,-0.61815,0.27982,-0.53671,-0.26882,-0.23453,3.2823,-0.49277,-1.0007,0.27768,1.4348,0.94937,0.46092,0.99423,0.43342,0.90476,0.29836,0.0022138,-0.96477,-0.056767,-1.0223,0.48372,-0.33531,-1.7838,-1.7989,0.22735,0.066663,-0.080576,-0.78796,-1.3404,0.92193,1.6504,-0.78284,-0.78092,0.32913,0.64153,-1.1112,1.9411,-1.0799,0.18573
-0.3926,-0.22954,-0.10225,0.22912,0.57837,-0.6882,-0.664,0.31748,-0.50831,-0.27477,-0.26215,3.2672,-0.55775,-0.96382,0.25121,1.4359,0.94937,0.46253,1.0007,0.43751,0.89808,0.28638,0.007416,-0.95832,-0.05799,-1.0255,0.49202,-0.34935,-1.7804,-1.7984,0.2942,0.1016,-0.072791,-0.75798,-1.3631,0.96182,1.6691,-0.7788,-0.76709,0.31242,0.57726,-1.1146,1.9314,-1.0723,0.078821
